3.139686723890054432e-01
5.686004424517177025e-02
-9.108570556130026752e-01
1.476431163483306885e-01
5.316431061169192285e-01
3.473069039406456726e-01
5.961007688665779236e-01
7.119731680351517600e-01
-5.576606019152058336e-01
-6.539200531084488066e-01
1.411682687048360918e-01
-2.321593140527386800e-01
7.598421944438095155e-01
8.030810750403745146e-01
4.310788557443271385e-01
-3.099554397779159531e-01
6.710922307140471110e-02
-3.854633923845177668e-01
1.902316055360949720e-01
6.384608907769008246e-01
-1.839602894477579964e-01
-3.884072949018823051e-01
-2.931240430159414156e-01
-8.812394329382164937e-01
-2.680216573915910061e-01
-9.414541317368496642e-02
6.964964332255046964e-01
-5.403586777173868816e-01
-2.321408268898089433e-01
-2.016989873157100654e-01
1.000000000000000000e+00
-2.405378584466320024e-01
-3.539271299944048987e-01
2.582996780508950985e-01
-1.000000000000000000e+00
3.486514240361592298e-01
3.917411418493413344e-01
-6.448080606199740883e-02
-5.864795776171649599e-01
-4.287915178549580597e-01
1.077736429042197991e-01
3.091296500244697931e-01
3.456153043632425592e-01
3.219568554200267219e-01
-5.295664705542255657e-01
-9.879145684666503779e-01
-5.540559660929311736e-01
-8.118806758466154960e-01
7.444520659008421193e-01
2.650400833441709514e-01
-4.668302132126150306e-01
4.748860890614368113e-01
-3.550918292505405027e-01
1.573517255002314374e-01
2.196988796754758555e-01
-6.938852399752472033e-01
-3.789799646898396879e-01
-3.740803639960439408e-01
-1.348319086446410353e-01
-3.746421250706596928e-01
-3.915655230866165737e-01
5.248555456326980950e-02
7.043601040449525286e-01
9.855218750812252404e-01
-1.975337415144992614e-01
1.361078396075195152e-01
3.816365741726622518e-02
7.034385549999196963e-01
6.313188809359477904e-01
6.514909576846205086e-01
1.054867602965830486e-01
5.355664013192986683e-01
-4.210841171039111930e-01
-1.370696170287365179e-01
-8.442908557827616400e-01
4.568011912543210595e-01
1.652096920175303574e-01
-4.988047841542351257e-01
-2.354962321004679393e-01
8.053668257480144366e-01
7.253978454706109247e-01
2.575247024000185125e-01
2.877216428958001559e-01
5.440909346718236783e-02
-7.263660264868652128e-01
5.631484618186848312e-01
8.062877690040857193e-01
1.177428061715429242e-01
-4.407119111836866332e-01
6.153381037874429138e-01
-2.025455878421182909e-01
5.556772454445563225e-01
1.675803833603055071e-01
5.441869209505150184e-01
4.628422043116059426e-01
-6.009348418948272652e-01
-2.233434593844307314e-01
5.713824431875449417e-01
4.328915443766300636e-03
-3.682273238122849568e-01
5.255323173454748975e-01
-3.742052515266902080e-01
7.907139632361873671e-01
-5.333516366539975406e-02
-4.418201002005666123e-01
1.589763383681767062e-01
-6.289319330452265433e-01
-1.684309564770793133e-01
-2.300077627539834357e-01
-1.491161606375606963e-01
-3.939950104578258949e-02
5.647864852583084350e-02
-3.940415687873594086e-01
-1.695119525345618189e-02
-6.367471080696667229e-01
-4.649591987669907112e-01
-3.494505251386392786e-01
-1.187030408150205329e-02
-5.934442242318785921e-01
-3.405041160124929189e-01
-2.429969625007301626e-01
-1.792894467238350664e-01
-5.022656584074858266e-01
-1.886016500150171638e-01
7.100796514311651375e-01
3.593182633720176655e-01
-2.346793930045713017e-01
-9.961964040772485207e-01
3.349252752893897567e-01
1.078324516663857757e-01
-4.724200991738137789e-01
-2.475712474072872815e-01
7.175716669839549144e-01
-4.181033112705123678e-01
-1.770840222501688932e-01
3.542021570797559971e-01
-2.461625814233294740e-01
3.652864034415776590e-02
-2.444611905636179250e-02
-1.071106470454124548e-01
4.012748301900909143e-01
8.560706928893352385e-02
-2.479805236692248505e-01
3.416984950852069991e-02
-8.626611170442440024e-02
7.391012279992313916e-01
-4.890123174133187423e-01
1.077191095101038137e-01
-2.474222578149445906e-01
-2.544541579880493787e-01
3.454157727748062290e-01
-3.301173668760202240e-01
4.666348541229830005e-01
8.345359536428011982e-01
3.374546091632191769e-01
-4.208909998290991661e-01
3.678935753314568902e-02
2.705333777986461685e-01
2.566226617316154091e-01
5.789704836435768387e-01
-2.867487330185516381e-01
-2.051688167046461508e-02
-3.644793844974444363e-01
4.608839178553380544e-01
-5.985031498878955469e-01
-1.105683041580982212e-01
4.747011551900944815e-01
-1.334122731408511342e-01
4.621600485969695193e-01
6.181707014511024223e-01
2.547237619588809676e-01
3.967950439709216903e-01
-3.723909246869616663e-01
6.585663054407605577e-01
-5.704159024227142272e-01
-2.647769792372818287e-01
-1.000000000000000000e+00
3.342140238900349614e-01
-5.836719017217442129e-01
-9.224260998792435662e-02
-2.592382704653445336e-01
-4.647528712161053122e-01
8.059237824821244289e-02
-1.995330162303010635e-01
1.233632764842611251e-01
3.391592589570465166e-01
1.518865026688278330e-01
4.054466221497730061e-01
2.826898869249478419e-01
-2.526311676985244503e-01
-8.179495431217862489e-01
-6.255188029760504476e-01
-6.563136717072952653e-01
4.686812685801708955e-01
2.228855505918282132e-01
-2.915084206755132468e-01
-6.244491609785752795e-01
1.416471168242536827e-01
2.774421576798835609e-02
-4.738470788652682786e-01
-2.372615157419097898e-01
-5.866022619114108494e-01
9.547301354920635363e-01
-4.636254763891337616e-01
1.000000000000000000e+00
-7.532818640045885195e-01
-4.723231049786813518e-01
4.994254638665002188e-01
-5.457717213266871648e-01
2.724899166172421450e-01
-8.076341528442295692e-01
-1.973345795087755594e-01
-3.963473763947746864e-01
-5.822752119725058684e-01
-6.755027093066936494e-01
-1.000000000000000000e+00
-3.959202351649813711e-01
5.171313800260883831e-01
-5.299126442911586965e-01
-3.786308878705609282e-01
8.553882317979075722e-01
2.323143128286514481e-01
2.846340472798907784e-01
-8.960904308290762454e-02
-5.020335409381672109e-01
-3.583347758604762401e-01
-4.621195304714277308e-01
3.277725895409059342e-01
-2.493532601593953235e-01
2.042327246616172653e-01
-7.450238707447061071e-01
2.574951978182387635e-01
-4.605787025961993741e-01
2.314975041250827426e-02
-3.593111651079742841e-01
8.236705269889454950e-01
-1.090640796776754934e-01
6.966508977475212028e-01
1.000000000000000000e+00
8.327322810991050206e-02
-7.008713547476447259e-01
-2.403765672975239909e-01
-9.176113966096383079e-02
4.027877718531794327e-01
-3.303684282676992989e-01
-3.222115193248166198e-01
-4.468271747000725908e-02
6.452592543429186422e-01
2.913462845523338007e-01
2.657099851035502058e-02
1.000000000000000000e+00
4.456855814595506171e-01
3.501015937956442059e-01
6.457115079624151655e-01
-2.491873780372194647e-02
8.488595676449159910e-01
-3.418482806416157649e-01
2.364018938835189265e-01
8.030550974534840236e-01
3.216548548369911886e-01
-1.094619574478053470e-02
1.407308851457908516e-01
6.976291145963724460e-01
6.791824676628614998e-01
5.200795126661345025e-01
1.043850848889718241e+00
