5.170470296072806615e-01
7.549792416774007142e-01
-5.547910834638994926e-01
-2.211560803031942246e-02
4.067210774479090851e-01
8.184405454985286266e-01
-5.643191263901625732e-01
-9.848591966896799721e-02
2.479963929190378558e-01
3.252423402318135315e-01
-4.627994099559870067e-01
-1.992759122256968496e-01
-2.490922133314333597e-01
-1.333082663486085950e-01
-2.777065052783223020e-01
-8.592524718009291185e-01
-2.516532118996078760e-01
-3.662530003946291579e-01
3.317109262549328141e-01
-4.368090927857222749e-01
5.561925562402432188e-01
-3.336962830154793225e-01
3.713377600683175350e-01
-7.296155120746474765e-01
-2.655235325587283479e-01
3.665742450799134300e-01
6.700380652243892454e-01
-4.460569083426740855e-01
-4.248965316801623371e-01
-5.675233779774816467e-01
8.149144293258494542e-01
1.047138839847547576e-01
-4.917397146426927268e-01
-2.720798912666645419e-01
-1.286336998947316679e-01
2.671151008076567968e-02
-3.825494669760890476e-01
-3.480852857674692213e-01
-6.638032075131712340e-01
-4.572838364500568797e-01
-4.925523596176969998e-01
1.584069166277410623e-01
-1.676813207675326434e-01
-3.259137225287983552e-01
-2.162626480164200338e-01
3.890276601670975554e-01
-1.826820268305815731e-01
4.100729360540095181e-01
-3.136290557553541580e-01
7.802599569427263182e-01
-5.410478853679234756e-01
-6.236121982645225215e-01
5.589701828814487294e-01
-6.771032509237535635e-01
-6.080906282822344799e-01
7.392428312217105280e-01
-1.479120984139056516e-01
-2.237696464970554411e-01
4.346738542049386478e-01
8.751576747342644236e-01
4.800435998751725886e-01
6.496327942978622483e-01
2.826920000434143265e-01
5.545614128534536169e-01
6.795655836404547179e-01
4.675935667107969929e-01
1.000000000000000000e+00
1.537588517659393972e-04
-3.405511739832597917e-01
1.910421087748478963e-02
5.698459161889815050e-01
-2.552932898325879219e-01
5.683199161949967770e-01
4.888409492918277532e-01
1.089983239855639163e-01
1.800888393902537465e-01
-8.834398313709124206e-02
7.848928609268811529e-01
-3.915149194277027789e-01
1.929578148548270478e-01
2.310158908721950122e-02
-7.855148916282422844e-02
3.158892777632794080e-01
1.442554288660728712e-02
-6.844899196878631575e-02
-7.428289239491731033e-02
1.766864332259749926e-01
1.357312305244129658e-01
7.253966539549228099e-02
-7.732912786355060630e-01
-4.725543246741348291e-01
5.193459430188758219e-01
-4.214790154009110945e-01
-5.330640400342753216e-01
-7.378386510014950384e-01
-3.033628169559167698e-01
6.014956949603141867e-01
5.968813191726141110e-02
-1.670023373316580628e-01
2.252144478051388010e-01
-5.245300719969349101e-01
-1.547763642043600008e-01
7.345825047079861392e-01
5.759047820607512413e-01
6.313050527938135481e-01
-1.000000000000000000e+00
-4.955962175113320933e-01
-1.728867650648657217e-01
4.271425077052581343e-01
-7.854055569367180967e-01
-5.543356463453996685e-01
-6.491820172756799234e-01
8.603303210298821613e-01
2.759501291925926525e-01
6.650894021589277560e-01
-3.508136217344867691e-01
1.351661703307402984e-01
1.302319022447582242e-01
1.266573980285675971e-01
-2.519275988868467930e-01
-2.612975417801549627e-01
1.967404249840689345e-01
5.585023078032052002e-01
-3.312268356855820883e-01
-8.202332908961044167e-01
-6.704010676394254187e-01
-4.230003762925560462e-01
-2.413079495022195098e-01
-2.640411492670566851e-01
-6.420268663277058918e-01
-3.087210715656982241e-01
-1.392389232099568996e-01
-3.140703224687634298e-01
-7.328246700827343307e-01
2.457405416417089428e-01
5.538720965041925570e-01
2.202175574239325639e-01
-3.863993053867506577e-02
-6.856326632817073552e-01
-4.496422191056247408e-01
-4.637845597807533360e-01
3.790812931242016348e-01
-2.771585958139533012e-03
5.903248259109618035e-01
-2.769734488149226403e-01
3.382428094282970144e-02
-2.503563326518684073e-01
3.834302966302046700e-01
2.184681533211803584e-01
1.210296101358269705e-01
9.490632124516022727e-02
5.461922788610169555e-01
1.551891519310638623e-01
3.152285549876359116e-01
-2.713876858652294333e-01
6.540174157955855883e-01
-4.321106727617542442e-01
-6.323607971688788298e-01
2.999436560783357297e-01
-3.514455549316130023e-01
5.890879559558517276e-01
3.814700703505881085e-01
-3.443916376485722797e-02
-5.316893220532896702e-01
-5.512491074874892316e-01
-4.048294834353863281e-01
-5.910197401328850519e-01
5.639730508631617401e-01
1.379722812786507435e-02
-3.553694337504512690e-01
-1.916060840219239725e-01
2.127781057949607035e-02
2.734163984068625486e-01
-5.327226302726117968e-01
1.116156981723775976e-01
5.247281821127678519e-02
6.130400591545777100e-01
-5.221283315398606018e-01
-3.663662314401747166e-01
3.926305374978809049e-01
5.884178183693038466e-01
-5.892605389382802317e-01
-3.287277381147235000e-01
6.351152750644550871e-02
-7.872690733341020097e-01
-6.922254637290741197e-01
4.211969539797620343e-01
-2.236340953454807878e-01
1.366212152705496563e-01
-4.162354760388378150e-01
3.841963505404956125e-01
-4.463033805439733936e-02
-2.386335281247693174e-01
-5.921491457702393602e-01
2.180236898704281667e-01
4.063067424699275398e-01
5.950446513738143484e-01
-3.427287969400291123e-01
5.807095883860217134e-01
3.656142592487961474e-01
3.347273659903809429e-01
7.738600401002342088e-02
-9.081526617949113867e-01
-6.354495708508566265e-01
2.437613503182260166e-01
-2.086213476392872745e-01
2.387043137610098675e-01
-1.513794597437583545e-01
7.313825120685810144e-02
1.700675485772237538e-01
-6.567550785984472839e-01
4.231797009217491135e-01
9.007901491670835536e-01
1.937173146393719458e-01
1.960605820487418549e-01
-6.195439977509469287e-01
5.795087286253253200e-01
2.219891660359597785e-01
7.939553653359594509e-01
7.827529690458554512e-01
6.966874887385627879e-01
-3.265643166453763291e-01
-3.379830280981824808e-01
3.200961183049638725e-01
6.554810599480678235e-01
-6.567936537246452655e-01
-3.268980316694348187e-01
-1.142243281624055196e-01
-7.099111521971707139e-01
3.016259924739046749e-02
-4.021684671583037329e-01
-6.337707742958174073e-01
5.832717233994142436e-01
7.758545109823331010e-02
-4.752025517860198889e-01
3.215953288842737789e-01
-3.000052070314622732e-01
-4.420834871133948463e-01
2.444313140599135847e-01
-7.216340621024844859e-01
-1.383039878718034521e-01
-1.817002502493633709e-01
4.730619885005237224e-01
6.019301964146211992e-01
4.819168615400618028e-03
-6.725416422380039450e-01
-1.059916454339380476e-01
-1.431091776254466222e-02
8.040445951732353436e-01
-7.557880615827972104e-01
6.275576308877258702e-01
-3.988768477741734264e-01
-1.190532011494714049e-01
-8.538081760992298763e-01
4.161534231164901732e-01
-7.181929370179427341e-01
-4.341207564346237779e-01
-5.658821244529589345e-01
1.896254039309503703e-01
-1.667404154523248194e-01
1.448475040266203884e-01
1.000000000000000000e+00
-2.448779000738796063e-01
2.263015899473850290e-01
-2.937700805351461247e-02
9.637364068186419219e-01
