8.665640338257429853e-02
1.589567756512921815e-01
6.851532297211238021e-01
-2.465122260686687383e-01
6.689718606177730287e-01
1.000000000000000000e+00
8.654527783053689305e-01
9.659670547698520626e-02
1.000000000000000000e+00
7.845567654187579620e-02
-4.896194417703725321e-02
6.111927119767510685e-01
2.198620228538237242e-01
1.264772378464953384e-01
-4.207399738714927562e-01
-7.906868512621600953e-01
-5.126551838361685931e-01
-7.189952794876450781e-01
9.354761447972033128e-01
4.999203292553766609e-01
3.761599562051005652e-01
-2.875393597343307572e-01
-6.230275294642595441e-02
1.890416009595250468e-01
1.299094357380803366e-01
3.023433144016127727e-01
-5.483837091948298159e-01
1.809187421999982615e-01
5.833048247495662419e-01
3.112342244579215933e-01
1.890866773370605269e-01
9.939587996374066314e-01
1.000000000000000000e+00
1.000000000000000000e+00
8.007731578608234813e-02
-9.015921631913885737e-01
-6.052977762071991563e-01
1.000000000000000000e+00
3.171279361198100499e-01
-4.503192845229078145e-01
7.753516356287524225e-01
-4.309932053044474021e-01
7.109332952500764247e-01
7.438185258090037610e-01
4.162727148963756285e-01
-1.718782035925023877e-01
-2.004594824332674996e-01
-2.817680556586623641e-01
9.411025476861862860e-01
-4.473869705829414123e-01
4.802566686190030687e-01
-7.893948624973734507e-01
7.975308209413269900e-01
3.598169842629364013e-01
-9.326945831416189048e-01
-2.575849189174173048e-02
3.727322756195536879e-01
1.611122325967559998e-01
6.560292586058391606e-01
2.337062625834347429e-01
-1.280085635207221240e-01
5.963606086402915007e-01
-7.220550412838637744e-01
-6.230036364505080471e-01
2.981983730189452508e-02
-4.806354707983027108e-01
-8.167445992716908520e-01
-5.039928986904396169e-02
3.380029578669387913e-01
5.027029343564199948e-01
8.190543902901132878e-01
-4.321714297317662545e-01
-1.822471804710792398e-01
-9.914156008268462106e-01
6.951708027140810486e-01
1.913886437076461888e-01
-1.000000000000000000e+00
7.703358361637369089e-01
-5.809856965600856959e-02
-9.615025380106232422e-01
-4.927820689929718334e-02
-6.470280743571483750e-01
-7.713410044581190395e-01
5.912644581763137897e-01
2.170196051340869126e-01
7.451031818613531588e-01
9.100621864201436928e-01
-5.317683108891354538e-01
-8.213638012973185631e-01
-1.754599637070413110e-01
9.403537253842224608e-01
-5.030490237137936749e-01
-6.403664950984671034e-01
6.890191207167601917e-01
-9.607090354778691221e-01
-5.456631197166905700e-02
-1.000000000000000000e+00
-4.856557146473070574e-01
-6.939231952579576479e-01
-8.455595469283889720e-01
-1.874396890971647966e-01
-5.395227372444537650e-01
9.280314618193579168e-01
-3.010947053013408592e-01
3.377720919245770226e-01
7.053378952662878731e-01
-7.338840908877155567e-01
-2.813683786881626681e-01
-3.513074311473671774e-01
5.044567823854431143e-01
8.903306098930452439e-01
-4.534461651229300116e-01
-2.195808748437324542e-01
9.191541754169421097e-01
-1.042509307996730694e-01
-7.125617114387772233e-02
-7.753631768512574407e-01
-2.808643470570033607e-01
-1.507043980533635530e-01
5.540215392826468577e-01
2.890254532327984904e-01
2.427889306618775667e-01
-9.619964265463778474e-01
2.505589600070745604e-02
4.188536863204570526e-01
-8.978417467477894931e-01
-2.719669047567951914e-02
-4.148474312521570617e-01
-3.841448664319999651e-01
4.806155863551642149e-02
-7.261645427116603102e-02
-6.739568938320956715e-01
4.611547929854979966e-01
-2.070687426138981824e-01
6.390076048668253961e-01
-3.008855219054862307e-01
5.246334275814577008e-01
-9.395740071207332456e-01
5.780470079659039140e-01
9.374220049630492824e-01
-7.119816108141860944e-01
-9.520358816387521905e-01
-9.150033773478423171e-01
8.526846920186514911e-01
5.337117465715417453e-01
-2.185003660486246613e-01
6.642661119602335518e-01
2.203666007706075458e-01
9.779305528259099045e-01
7.928787590816435138e-01
-2.781908008151872114e-01
-5.590747135152551728e-02
-6.332301648822982187e-01
-8.696727157641019890e-01
9.084423645761874333e-02
4.012632981557540113e-02
-9.742049936943228960e-01
7.917208191868054801e-01
-5.674920992068361869e-01
1.276643626623550354e-01
5.838390699525490835e-01
-2.477490962522443940e-01
8.758510450341692177e-01
-1.471839442345621585e-01
3.961511583324643926e-01
-1.000000000000000000e+00
4.356413032100685534e-01
7.250232938762437573e-01
4.385066113050177794e-01
-5.022247439852833839e-01
8.858132939880180023e-01
-9.802831684350512553e-01
5.281371569367059315e-01
-5.490661890064885142e-02
-3.791065233032235859e-01
3.413244175523302282e-01
9.427959456994992049e-01
-9.889532006377503848e-01
-1.000000000000000000e+00
-7.086728280239354971e-01
1.525067333040972528e-01
1.711777544503720883e-01
5.975390072860349289e-01
8.897045358634958490e-01
-6.192687962588985240e-01
5.439969870918076600e-02
3.552999562592269456e-01
-5.795755939332125628e-01
2.146913083184709414e-02
-2.473416533835770537e-01
-8.764251740895974141e-01
2.024783383211812282e-01
3.536238304191312576e-01
3.639828645813361074e-01
-2.134658202068218102e-02
-1.000000000000000000e+00
-6.750378691933334174e-02
-5.581448155627579677e-01
3.932775332933253765e-01
7.416948711326309951e-01
-2.127405102628187050e-01
4.904025095766151310e-02
-8.342169488099748786e-01
-7.178740577295013026e-01
7.954508248788962899e-01
4.733534187982988417e-01
7.181117709612383493e-01
3.538070714772339476e-01
8.303319540207123595e-01
4.864721710556081380e-01
-6.806573772859803029e-01
3.912911524187450141e-01
7.437103940819445036e-01
2.036165388818629296e-01
5.993880778347455696e-01
1.000000000000000000e+00
-8.478655927914084955e-01
1.672302659589199880e-01
-8.969225012641885986e-01
-1.926774077910080596e-01
-7.335633210592198417e-01
-2.381409922478678887e-01
1.899079825485563422e-01
7.712896620095355260e-01
7.739239837521199039e-01
2.392020520139490625e-01
7.014791728912876945e-01
-7.999354129963553994e-01
7.699853225108936883e-01
-6.561390743097179623e-01
-6.461759497956247600e-01
-6.575637081834959652e-01
7.010854904271002219e-02
-5.671112756373213326e-01
9.129880242584944572e-01
7.753908937852718175e-01
9.228267332437978254e-01
-6.155856770177772219e-01
-1.347474394768326533e-01
-9.512682715892930574e-01
-6.765085070618370722e-01
-9.655142581936575485e-01
-1.041815534836747492e-01
-3.378777247017108465e-01
-6.216095365044418397e-01
-7.305185193078347350e-01
6.022290069931468537e-02
5.877507644946613485e-01
8.411774108181355736e-01
-9.984405479155378238e-02
-4.928480082985946531e-01
-3.970386889625292515e-01
6.567005686732665382e-01
7.102234285497245336e-01
3.802678690143177498e-01
-1.000000000000000000e+00
-3.971469282385167165e-01
2.804366749519866531e-01
5.492195458345923154e-01
-9.773829388677279795e-02
3.617876206143786355e-01
-2.792680845556436697e-01
-7.460567040799954697e-01
3.270665286906753177e-01
7.442237530982749316e-01
1.103862538657526038e+00
