-7.353043226367974583e-01
9.822528517609363519e-02
-8.677947149305254015e-02
2.451809084657619042e-01
8.278552886576917569e-01
-2.396949575128650700e-01
-9.216078811545973526e-01
7.465451886455571895e-01
-9.742148751094095172e-01
-5.609700251354694522e-01
2.317075601588136635e-01
-7.029502600620707309e-01
3.724157458173955604e-01
8.397654071379159202e-01
-5.959417658358221459e-01
9.529106422797102294e-01
6.278232585871701410e-01
2.669193991482385897e-01
-3.844144220403651335e-01
4.109242608563301591e-01
-7.460038023737456392e-01
6.573853943228014085e-01
8.934312168532354548e-03
-4.289429767453316611e-01
-9.384417621714262747e-01
6.573478566429848957e-01
3.537952403173882931e-01
8.228412704500289720e-01
8.025267077290938467e-01
-5.312794586247393536e-01
-3.344251452788937762e-02
9.656378872304720584e-01
8.489764090827440768e-01
5.105129175786848883e-01
9.169892200105651536e-01
-1.707771631591370465e-01
-6.912221167674739153e-01
4.896359347160124109e-01
-3.606766214025158845e-01
-3.088737708229665202e-01
6.989424111999884559e-01
-3.496187061646596206e-01
4.786280911807776484e-01
-8.863278306913147109e-01
-6.224734593853298303e-01
-6.323665179171353845e-01
8.099148750410771758e-01
9.005963079138992189e-01
6.469066988260430140e-01
-3.135189010259575859e-02
-8.022952529885778450e-01
2.224705245378528762e-01
-2.115641930430247619e-01
-6.309866338812906150e-01
-5.004869985268112220e-01
-5.091901188348133545e-01
5.237425440143488320e-01
7.876155030281661862e-01
6.211852492587364161e-01
-1.612583570070158512e-01
-3.391348431758387516e-01
-8.857901360293385373e-01
-3.992934156315459671e-01
6.057025118102752348e-01
-2.349406748076434681e-01
7.545744701228804807e-01
6.027022815472873329e-01
-3.622320477868752331e-01
3.996632649396312242e-01
-7.189761549946460661e-01
7.095672618606680970e-01
-4.888148499573161665e-01
1.095244003948969702e-01
-4.780727753414260039e-01
2.149586897478170666e-01
6.034868392856000963e-01
7.692286918918067595e-01
-9.483338471603071085e-01
-3.372761873513481223e-01
-8.738352484019431543e-01
-8.120089125826848164e-01
3.848959993427718551e-01
-5.992753051057844171e-01
-9.670693837914270397e-01
4.202012243072705822e-02
4.689292656235888312e-01
1.349603910708412347e-01
6.417664379673639896e-01
-5.799183210287870427e-01
-1.653277752162773950e-02
9.439393314267023882e-01
5.338808509749215503e-01
-4.160298009676257625e-01
4.626116119336876054e-02
-7.339614757673786904e-01
-1.046753740415249379e-01
-5.890682419753103805e-01
-5.667382591673204573e-01
-7.033158554504954640e-01
-5.712613793450962429e-01
9.442409625578893628e-01
9.548009050738601733e-01
-2.125479189070187402e-01
8.454351476694943468e-01
-5.907037500043335054e-01
-1.756374938746627645e-01
-4.941857378854908056e-01
7.019142493704420005e-01
-1.723807368167165066e-01
4.871738270757308698e-02
1.239614153177164280e-01
4.550928464259946793e-01
8.264401114785382418e-01
-8.263379834170807570e-01
-2.988427121526062713e-01
-5.663459375450212718e-01
-4.728275367176442145e-01
-5.742018982080434597e-01
-1.109726140267275341e-01
8.351459721532930036e-01
4.016143905228501954e-01
-9.721240119374663369e-01
-2.451601908368985505e-01
5.606023966634643418e-01
-1.887537550268065800e-01
-1.631307672689257249e-01
-6.685308509433078861e-01
-3.912423348042033400e-01
-7.995900697999878126e-01
2.565347357414182738e-02
-9.404565435947755958e-01
3.527981613658541793e-01
-1.190725314448404237e-01
7.052905052847600054e-01
9.064675300793214596e-01
-2.928298386691055022e-01
2.482244631474512797e-01
9.987842375968163378e-01
-4.536447378367634009e-01
-1.395231366729778877e-01
-3.434281265859726595e-01
2.311981555677089517e-01
-7.977654436065846344e-01
-7.871926519695942037e-01
3.835731681193801368e-01
3.269732409777559301e-01
5.540519246196002889e-01
8.820328302343780624e-01
2.246911687948451863e-01
6.529201363461190066e-01
1.855245082129008960e-01
5.309828094866571035e-01
-4.952325010587621534e-04
-4.335182236204464523e-01
3.579585572843868579e-01
-3.465771856895292213e-01
-2.903328401707705453e-02
-9.853542606181453500e-01
5.230256303423441722e-02
7.968915351011731651e-01
2.675529668786882365e-01
7.351097743641412663e-01
-6.279005851263941285e-01
8.930963932722399967e-01
-3.972196822165880992e-01
9.126033470063690256e-01
6.638988097366746999e-01
-9.855008968151941495e-01
9.444588869615366811e-02
-6.734690345022020797e-01
8.625100685009270407e-01
-5.571579466579730244e-01
-6.667757508819849299e-02
9.436621679793930628e-01
-8.383311346539317199e-01
3.457457746513383778e-01
-5.027801624172685280e-01
-4.544653416379842437e-01
-4.164543123472503883e-01
1.588342236655548856e-01
-1.226314963100039179e-01
2.631156796656599628e-01
-6.658475072568406095e-01
6.371588565094210566e-02
9.676071006091244708e-01
1.143031964639678044e-01
1.666379656490974970e-01
-1.060258399296087894e-02
7.451095134143004284e-01
-6.876519959526636860e-01
-6.813836713952796664e-01
-5.661591523485782762e-01
9.940487970759261938e-01
-8.081591444463847029e-01
-5.067841913370787488e-01
-1.460754387603100390e-01
-4.421985886822548117e-01
6.598487315599108616e-01
-8.629402859283523686e-01
-7.941767872211857870e-01
-8.480130881130092391e-01
-7.131676846905654621e-01
8.735434541716571299e-01
6.540545032455493679e-01
7.182943909277128558e-01
-5.633910009323093160e-01
-5.214412118152655928e-01
-4.303880231073080598e-01
-9.583084407067106181e-01
6.404988799968192037e-01
6.657276773737081932e-01
3.141888612036731754e-01
-6.471099988692481375e-01
-4.037765306953313704e-01
-6.623260416943543838e-01
-1.937026060402764482e-01
-1.617579631860865952e-01
-5.357404098981273233e-01
4.553382355270698678e-01
2.553146283334104538e-01
-6.138175399218690487e-01
9.120630834224205952e-01
-3.197521426983824799e-01
7.722245442796249471e-01
1.127089811061243729e-02
5.736268800459252137e-01
-9.800228545253362178e-01
-5.760493176963894513e-01
-1.000083399418330021e-01
9.394976102460816936e-01
-6.289939637384811544e-01
-5.200162542156419043e-01
-4.117155443369828749e-01
3.277596526629908968e-01
6.271874677663775710e-01
-6.394804586304383420e-01
8.363733397340236131e-01
-1.048033257128486717e-01
-7.412099199705755037e-01
8.860832025386919941e-01
-1.662346759116746231e-01
-3.617835402140145984e-01
-9.973435306650602072e-02
-4.286266257749860031e-02
8.716918260427213294e-01
-6.034326949505719462e-02
1.130448682933182791e-01
9.366550618953541907e-01
-6.558694960149134001e-01
-7.499416236127531832e-02
-5.641168911605884961e-01
-3.120639238003217741e-01
7.354811451529383870e-01
9.351360338528957872e-01
-3.884374971133721655e-01
-5.526470281412623198e-01
-7.444975501373742865e-01
2.193356371524755044e-01
-7.034294880172100584e-01
1.374145422479198242e-01
-3.677056357163204225e-01
-9.420932703569784294e-01
2.434250337141701248e-01
3.513324953789456195e-01
4.255857681570458517e-01
1.000000000000000000e+00
