-9.291117606054476452e-01
6.048407862270651636e-01
-8.283469961658942449e-01
6.830433983457270819e-02
1.000000000000000000e+00
1.268085334602678804e-01
-7.073822373032517818e-01
-5.386166137799445336e-02
-7.637833554198716346e-01
-5.999780342012007717e-01
1.118623506795134170e-02
2.273456387122904099e-01
9.186571107797261160e-01
-1.083720987300960115e-01
-1.317431272872211789e-01
-3.786783051243433063e-01
-7.017373472495862241e-03
2.885262552941466607e-01
-7.990195631450449643e-01
-6.631395149525367572e-01
7.305767566339992358e-01
-4.271606823555269550e-01
1.027439614443318439e-01
4.487121844358403777e-01
7.087788206190556162e-01
5.203823515476163619e-01
-8.560661898450463436e-01
-7.241951171040108548e-01
2.797122803342773634e-01
-5.489297721819322851e-01
-5.398059351626116609e-01
2.609532565773988733e-01
8.055959690911778104e-01
5.492810045384868278e-01
5.128356857614584374e-01
-4.766835817873425751e-03
-6.008519684063169386e-01
6.194734546512331574e-01
7.336407023083921786e-01
-2.747354528826961850e-02
9.643867239131970193e-02
5.457514987688304453e-01
6.111137006838910368e-01
-2.770867327035063665e-01
8.804632442176583140e-01
6.601239179416046321e-01
2.079729868885903665e-01
5.931933587265996177e-01
5.404191321626957700e-01
5.841051277051604318e-01
3.501505219444116523e-01
-3.123081138378320798e-01
-3.010884142780566597e-01
6.199337612358107874e-01
-1.177843043065750078e-01
1.744165653553221562e-01
5.514384371582694566e-01
6.276854806497411676e-01
4.018683979653696059e-01
-5.881616944917995859e-02
-7.286792688769723469e-02
6.148969524369211070e-01
-7.215925895927548517e-01
4.173439031631070995e-01
-6.152311962514021015e-01
-7.244918117589113082e-01
4.194291526110466295e-01
3.065232065938714445e-01
-7.804203355203050974e-01
-7.504116717480430188e-01
1.425069561910995986e-01
-3.870717206877860028e-01
6.461243849814566342e-01
5.560817622587923559e-01
-3.565075699383803975e-01
-2.969841369393515507e-01
3.038814234958007732e-01
-8.342580910828616414e-01
-2.268654218230679309e-01
1.762445555573228517e-01
5.543375628529558785e-01
6.272494678428618409e-01
8.521946827736240904e-01
3.932571009154088859e-01
-7.004676982861627321e-01
4.734837211658171618e-01
3.926002218683506406e-01
2.020656412475186348e-01
-3.976767056927220656e-01
-1.855367881559475962e-01
-2.095050459175277213e-01
5.817966729331033315e-01
-4.677084792718323447e-01
1.000000000000000000e+00
5.644207714659025266e-01
2.301407657055277722e-01
-6.317293391941959380e-01
-2.439113412722958563e-01
-8.464495906891723598e-01
-1.263577211159906677e-01
-6.128610889646344262e-01
-4.820981699628201778e-02
1.000000000000000000e+00
1.092354862401173909e-01
-4.472512433616383509e-01
2.253788474558270361e-01
1.476564550614248017e-01
8.542920033675137637e-01
5.236206021377437514e-01
-9.295728720556149793e-02
7.047221673880360582e-01
4.320038846566224278e-01
2.247961214088626536e-01
-3.386387098175699939e-01
-7.006716388492871816e-01
-5.644783585089993005e-01
-2.496064110859030349e-01
-2.249394540279875954e-01
5.483219141157908982e-01
1.000000000000000000e+00
-7.606947021228945838e-01
7.046076205649408619e-01
-4.535074495250159266e-01
3.944650420785673628e-01
1.774228911308727286e-01
5.161869565116476988e-01
8.091322182944032937e-01
-1.140424048728229389e-01
-5.117867013120381836e-01
-2.825794738052953559e-01
1.091363288093834955e-01
1.495024732089671737e-01
-3.855136122675035248e-01
1.986058298024396818e-01
4.363698791861246873e-01
-1.981885032269486979e-01
-2.899231357061906600e-01
-8.076874801153352545e-02
8.277170547339146589e-01
5.672110873463946934e-01
2.506954144916677674e-01
-1.946609005181841878e-01
-4.082711419044269263e-01
2.986116117816599302e-02
-8.248603307256046069e-01
7.259060687388082522e-01
1.383262203355580533e-01
-1.714234297086467684e-01
-5.546933187353308981e-01
-9.234769043620998097e-02
-7.963120266614986953e-01
-3.369982417420195331e-01
7.454973636870075859e-01
-4.537058160641145310e-01
1.450428708998628691e-01
-3.524342178594894737e-01
4.805547895653058954e-02
1.899465242263177478e-01
5.464560081505591693e-01
7.371925308072219130e-01
2.575555774818887311e-01
-1.647489988026510088e-01
-7.613954755694414267e-01
-5.463591833573085144e-02
8.356692487664241220e-01
1.195174116574920092e-01
8.522891067450347191e-02
3.338732556044894384e-01
3.345434578363283284e-01
-2.842857209894912932e-02
-7.584483385426400437e-01
-8.408031143404296470e-01
-9.848400466890366856e-03
-4.706453014349936126e-01
-1.856572759889117963e-01
-3.479962541386548702e-01
8.423927080528174072e-01
4.750002316357282983e-01
-1.697017069521739030e-02
8.009945491444326882e-01
-4.887604190188782338e-01
-8.850411152914434698e-01
3.217226323934800902e-01
3.633705388151090010e-01
-6.106991175258253968e-01
1.749336461023296568e-03
1.108074959533725257e-01
-6.060911242861847237e-01
2.822955511664115291e-01
3.291724852411914704e-01
2.241940079992528201e-01
-4.620645109768074521e-01
-7.638809726094715202e-01
-7.439271265384546084e-01
-2.714961397868857762e-02
5.281782597073341190e-01
-2.794030993770791893e-01
8.689429935771719737e-01
4.285990425316817953e-01
-3.798844483464265398e-01
-1.638689321643108099e-01
7.307421425047519459e-03
-3.836054649038198039e-02
7.412914204372218485e-01
8.112616907070142602e-01
7.636793148899487793e-01
-1.784805829709971148e-01
-5.101208917637771734e-01
2.268613864089364385e-01
-2.443129654128189665e-01
1.098410333712360326e-01
-3.092251742158199646e-01
7.330810218955544633e-01
-7.915929616304051564e-01
5.779217674308906316e-01
-3.677392864493287394e-01
3.112116826697932104e-01
-2.248650894412770884e-02
1.041924504649699157e-01
-8.313684248096925300e-01
1.343984759882670410e-01
-6.418372113370713894e-01
8.759824214703728629e-01
8.131873296745921742e-01
6.446813133769090098e-02
1.959445157227479861e-01
-5.422215358418085440e-01
-5.182859563866489827e-01
6.352654023912438497e-01
-6.762771344943095952e-01
-1.448235010531810363e-01
9.113817793684694801e-02
4.658785239604810724e-01
1.896824219664858813e-01
1.235948965269819538e-01
-7.013395907923883899e-01
-5.377507732570345755e-01
1.473972774424358589e-01
2.848381385222840123e-01
-7.047996411654702809e-02
-5.164842771345616868e-01
-5.769739445149605350e-01
1.452475847735624492e-01
-3.225903206540209345e-01
-2.594865790215372114e-01
-8.503251798024312469e-02
-3.493349796373282357e-01
2.771971573698867736e-02
-8.584087441134563568e-02
-1.134842827874600474e-01
4.512241621514007095e-01
-6.264530214600824154e-01
-6.504649741759207515e-01
7.705917617607362935e-01
-9.150128585054738695e-01
-9.844386787372491621e-02
3.366122467232982585e-01
1.254099887655041323e-01
6.514429099804869283e-01
-5.073993169636175082e-01
7.992201558209449663e-01
7.680712035182077901e-01
-2.748572272935806415e-01
-1.407340444381508515e-01
-7.700284784403825800e-01
1.056942115197667675e+00
