-3.362334891242855783e-01
7.235096310602953107e-01
-3.964029323076985190e-01
-7.214152743726049977e-01
-3.359538389540320247e-01
9.460411498475010950e-01
-7.168260535101858011e-01
9.365767508797037122e-01
7.658987186565350269e-01
7.469755982598730304e-01
8.983616511324585274e-02
2.013631815810405512e-01
-7.943662509313662579e-01
7.087953339439930778e-01
-1.595869672540537465e-01
-3.083183131992679460e-01
-1.672663888936106735e-01
9.223387739951366404e-01
-3.122409061666629460e-01
-1.825430517526876184e-01
8.461197114984591039e-01
-5.921477263507961969e-02
-4.376939829756414935e-01
-8.307916332934821568e-01
-5.791651174067695695e-01
6.997597796077470456e-02
-5.214132696280343593e-01
1.000000000000000000e+00
-7.439047893012057378e-02
5.362109867162232479e-01
3.573451765290657778e-01
-1.158521207020255239e-01
1.000000000000000000e+00
-3.366430076515691816e-01
9.233097998259909289e-01
7.730528624092372070e-01
-7.202195369058317365e-01
-6.082382675395954230e-01
-6.348197575232563672e-01
9.092813007905857781e-01
1.000000000000000000e+00
-4.286005189107290336e-01
-4.109880797129756846e-01
-1.411955404244194523e-01
-6.924586956448310904e-01
9.475868435816996449e-01
-5.046227339743033502e-01
-8.762417327310914050e-01
-2.250241591729831570e-01
1.903867257620462522e-02
-4.860048532584961278e-01
-7.429419534980392648e-01
7.672289275885108006e-02
2.467382083949239691e-01
2.189484357524252023e-01
7.434928493936913130e-01
5.887036372466281087e-02
1.000000000000000000e+00
4.111492430896075412e-01
-1.000000000000000000e+00
7.424582868045487283e-01
7.896966058748613460e-01
-2.925277493371891691e-01
7.747219306884887136e-01
3.880035632078830954e-01
6.202645389582823743e-01
-8.099247808351717204e-01
8.901379331551222407e-01
-4.278313815369497730e-01
-6.038844816475182065e-02
6.352729976863955019e-02
-3.943712021763746134e-01
-4.647301432937420707e-01
3.005706791138911815e-01
-7.291205019399554788e-01
-7.911113312479487458e-01
-7.170485145996912113e-01
1.461976850461067234e-01
-2.462213506424013598e-01
-1.055852177577012163e-01
1.632150485095695824e-01
-5.219779097987576888e-01
3.864531748253272614e-01
4.332568673194340803e-01
-8.128726990633352578e-01
-9.012481675048515939e-01
4.843523838955861582e-01
8.040110701684555217e-01
1.562969483415862712e-02
6.524048200370714534e-01
2.533246297384103563e-01
8.238039805042476349e-01
5.494914617331172479e-01
-5.150172728677677725e-01
-1.137295146380170041e-01
7.172879915829064590e-01
-4.303806727091555318e-01
-1.383364084178429765e-01
-8.063023153055537406e-01
-9.701380876123069097e-01
1.234877924266702259e-01
2.455522030998522620e-01
2.689254602639299385e-01
1.033434783462253426e-01
8.146036358124162380e-01
-4.878885435922101221e-01
-9.653237609147753417e-01
-7.921646294078583672e-01
1.860069178650292088e-01
6.190199123159311201e-01
3.189870986717094903e-01
-4.257540191195105517e-02
8.211939309732162462e-01
5.047740565246009448e-01
3.344718285081831333e-01
-1.319048648294748882e-01
-9.289854543491582461e-01
-7.377835426863912360e-01
1.000000000000000000e+00
-2.120274307061112973e-01
1.486300644935499848e-01
1.000000000000000000e+00
2.703622033869035879e-01
-5.062220217886557183e-01
2.539667541934023109e-01
-1.368574832918133255e-01
-4.380169508440422410e-01
-4.625610467723374475e-01
1.480543310729123541e-01
6.142345111713914951e-01
1.802600164044728392e-01
-7.212269959202056713e-01
-1.000000000000000000e+00
-2.239383179815814251e-01
-3.354845770364889845e-01
5.670107214536272977e-01
-4.499247838175235437e-01
8.324008078576602410e-01
3.266594003558798143e-01
4.224518882778679485e-01
-3.375608818292287761e-01
8.063776051519007115e-01
-3.844704839436660637e-01
5.345549721258440190e-01
4.027437344342831294e-01
8.171972598163599333e-01
-4.936710576552685859e-01
-3.099357058204391113e-01
1.240829300304276128e-01
-9.269888233485514828e-01
7.537591465583359795e-01
-6.774989750192644822e-01
6.895273615083303831e-01
6.341520311306197977e-01
-1.000000000000000000e+00
7.687523960000522405e-02
3.207797350680469117e-01
-5.136218175155795596e-01
8.633562007575655839e-01
6.533760616404412636e-01
-5.412114312658049542e-01
1.369177545493571457e-01
-4.700710972476461746e-01
2.151089112342084442e-01
4.469773665009124652e-01
7.069764427662902362e-01
5.629999076051092066e-01
-3.803529339635156048e-01
4.662358289819393264e-01
4.869727132935949276e-01
-7.080010155895941626e-01
9.618323491886071608e-01
-1.132273511352371032e-01
-4.451448078316102563e-01
9.159111100309809128e-01
5.024978467217687816e-01
-5.574524944664156489e-01
-3.282511679988180386e-01
5.805885832794924761e-01
-7.664380377692630031e-01
-1.894750909187853383e-01
3.270528135861309749e-01
3.881195387108238859e-01
-6.637626459542174118e-01
2.632516475945880230e-01
-1.897862405273167130e-01
-2.716351845656791442e-01
-9.130970370032147621e-01
-3.769529891971381552e-01
-2.052844379092909621e-01
8.697170400026923431e-01
-6.545491970868996257e-01
5.917892749986020107e-01
-4.694825703233965752e-01
-5.822011178651116392e-01
-5.721652790193435534e-01
-1.297105832078405685e-01
-4.517744774807902486e-01
7.659683376694901291e-01
2.324756057396180631e-01
2.590399528452565908e-02
1.147363167229770720e-01
1.160043152119579479e-01
2.037990885216935666e-01
3.762427420200389339e-01
-6.774784442024804898e-01
-1.496013809800272876e-01
-1.962320265956597753e-01
-5.374070973497854231e-01
3.331538477489062733e-01
1.135021901219697149e-01
-6.515013242347846845e-01
5.426539390050483247e-01
4.299204303104474101e-01
-3.263020935999710326e-01
-7.506204596921440819e-01
-5.271185621863061499e-01
-6.316793057714745752e-01
9.058383403156078373e-02
2.545946487502557254e-01
-2.343932144104832749e-01
5.159985474244032089e-01
-2.324724769475101926e-02
6.320858220034142327e-01
-2.634850727101671342e-01
3.993039617214760861e-01
-2.296352390464767579e-01
-3.796897458180596985e-01
-4.499922816965481465e-01
-1.498941612556267677e-01
-1.065603942054890174e-01
3.891865496371029742e-01
-1.000000000000000000e+00
-4.662997314822726613e-01
-6.662308913825654155e-02
-8.290710888658594513e-01
6.843316324923459648e-01
4.443469332250750137e-01
3.065559909147941298e-01
-2.831762494600201241e-01
-1.000000000000000000e+00
-1.919029977869177728e-01
-7.827210793229062435e-01
-3.262779925097886724e-01
8.968164850391021625e-01
-3.780014113782615981e-01
4.117327494258417042e-01
9.277107414053702428e-01
-7.074491627669232674e-01
2.781603733712633142e-01
6.647480785333601538e-01
1.572843381483207681e-01
-7.301337213725128672e-01
-2.965458427170539757e-01
-1.177781261835470911e-01
9.876702569152298050e-01
-5.444534175301685153e-01
1.214123147182049334e-01
5.496406132287469104e-01
-7.680245823112863413e-01
-6.893397320941730966e-01
-4.455646072526099344e-01
6.515940461488776148e-01
8.773100825188904217e-01
-4.775646738611794007e-01
9.824317186510136413e-01
