-8.098706820759344893e-01
6.941114627851234786e-01
-1.930753374892075769e-01
8.361588288692920479e-01
-6.867177088342999447e-01
8.037484961172614017e-01
-5.959485843532379423e-01
-1.803090109106819661e-01
-3.209651686882961652e-01
9.975685623898009613e-01
-1.747982671170271729e-01
-5.326264391238726414e-01
-4.185606847498590799e-01
-7.185987007107137448e-01
1.690470531788199615e-01
-5.054868955171345490e-01
9.468925528263147928e-01
-7.507165616004001230e-01
6.178136638790214796e-01
-5.966331582658184196e-01
8.946147485295299351e-01
9.198072068202833851e-01
-2.018578272174162969e-01
9.006692560125504343e-01
-6.430533094050627785e-01
-3.360309311975955282e-01
6.238090495430657079e-01
5.418511480525065593e-01
-8.501151436358989066e-01
-6.459876611976433924e-01
-6.838417274685149039e-01
-2.930442727494018129e-01
-2.345758967759983271e-01
-2.610057905741278717e-01
8.535053982164111375e-01
7.321130258092725107e-01
-3.098321230787848268e-01
4.229338668700854953e-02
-9.701598525862842326e-01
8.456072517257724463e-01
-2.967081923249887954e-01
-2.435716095000743930e-01
-3.601159941252936036e-01
-5.495919241731572757e-01
-1.202788257781821635e-01
1.531712231335733421e-01
-9.173435211024227875e-02
-4.420854718453215426e-01
5.022180668497542300e-01
-3.702915915724049878e-01
-1.377072897600493118e-01
4.880075714844496204e-01
-6.448585152253543118e-01
-7.676103418291166935e-01
6.080988716561408491e-01
9.434701226222650394e-01
-7.209538462406162029e-01
-2.954429363138144637e-01
7.778549999225150557e-01
6.176453886009736216e-01
-1.858456410281188464e-01
-1.551127615627598821e-01
-9.530739177867859624e-01
3.507936701924112555e-01
-8.425326296426001171e-01
-3.911241579643813804e-01
1.905968538729496675e-01
-6.389319841957319390e-02
1.387409663746081989e-01
5.373622010387326675e-01
4.782560726694222719e-01
-3.108355469303341057e-01
-6.535161834341263187e-01
5.136332703762791496e-01
7.161484163240923184e-01
3.528796724903682236e-01
4.872561624779718770e-01
2.465176337530223805e-01
3.419157090759619155e-01
-1.074007940561709784e-01
-6.040884057813826757e-01
-2.648343357951703503e-01
2.075094523291339255e-01
-9.496391020890038170e-01
-9.622651922977543126e-01
5.207300451680716424e-01
3.756138428957886966e-01
2.247351532241912420e-01
2.071727711172854924e-02
-7.018561807405367947e-01
-3.517248852134164938e-01
4.497517019935842741e-02
-3.714548143211566789e-01
3.924522411906243846e-01
-9.014693205909138918e-01
3.381535416397520866e-01
-2.614532418637598443e-01
-7.531035042334635055e-01
6.364097778500710234e-01
-1.238141732489839164e-02
-4.397491941419497952e-01
9.827707193897552429e-01
6.994753280812953111e-01
1.299477763891918602e-01
-4.203020171950955230e-03
5.457109902824079928e-01
-5.855772234157736733e-01
9.835671109801102929e-03
-2.905211349615410832e-01
8.485006428651375998e-02
-9.559396442136025573e-01
9.989327955019811078e-01
3.011150567929310462e-02
-4.821979311099657828e-01
7.108157761356705961e-01
-1.219502863611314769e-01
2.095040430463273040e-01
-8.222510699912621845e-02
7.578103451068907148e-03
3.497205189202601261e-01
9.984695366968106001e-01
7.448402664986690791e-01
5.708404899196217741e-03
4.722913388120495437e-01
-1.000000000000000000e+00
-5.240066518213626345e-02
-7.142041967611567621e-01
8.889891644423713046e-01
9.322520721337919092e-01
6.766470345022792543e-01
2.177538906506071292e-02
-9.898590814333039223e-01
-6.656288027847803157e-01
-1.670495931069648776e-02
-4.710530304935844903e-02
9.479066536729403580e-01
-1.284665307333974216e-01
-3.444403534678495138e-01
-2.474885140032877517e-01
7.648454445113093136e-01
-5.797212004325895673e-01
-1.438379226298243108e-01
-4.500733337586728666e-01
-5.720000491329473302e-01
-8.487741989876531612e-01
4.749933361719160807e-01
7.833188445165084612e-01
7.997158430389177397e-01
7.602131300439289863e-01
3.730672501188678769e-01
-3.476318547096171052e-01
-4.621333461244616636e-01
5.058713931618230575e-02
-9.216883059127267686e-02
-3.776951127657506291e-01
6.135887728454165746e-01
5.315980572422329686e-01
1.000000000000000000e+00
8.175441543537242950e-02
-6.823157523656757650e-01
-1.212024006927390207e-01
2.393357172559285040e-01
8.378458949212004292e-01
-7.712844933949369874e-01
-8.977599992698519493e-01
2.290230897648339869e-01
6.195403286035530144e-01
5.840528474399537817e-01
4.070206309368777364e-01
-1.529544921128971335e-01
3.380319864169327726e-01
-6.629321886803729580e-01
2.085471352530738898e-01
-9.060558355053032198e-01
-1.000000000000000000e+00
1.024741359564254051e-01
-6.496830870946153080e-01
3.061945383234099261e-01
-1.000000000000000000e+00
-8.365027817376484709e-01
1.337081866266813801e-01
2.697297389859998340e-02
-6.405203633979037470e-01
-6.439177378998601764e-01
-7.310018470285457592e-01
-1.908752192719418428e-01
-3.740048919144693951e-01
1.000000000000000000e+00
7.418884313543179232e-01
-1.000227056352456234e-01
-1.920675233840596352e-01
-1.000000000000000000e+00
7.818585445437360448e-01
5.903202709675907656e-01
-5.196964671610961872e-01
-4.939771147895288816e-01
8.897797752138081329e-01
-8.923162612137296446e-01
-2.003868935924135730e-02
-8.328922758017354155e-01
9.619345220118089568e-01
-9.232957468948148616e-01
9.928409789915524364e-01
9.411786659454617343e-01
7.370685315278151517e-01
8.541801124802543832e-01
1.121858016206493946e-01
-8.272439855609681203e-02
-7.295028237698406581e-01
-1.735451256348861104e-01
1.417937973780643013e-01
-3.203802283331469436e-01
1.696335193646800743e-01
6.927105479662432064e-01
-9.831613194676691592e-01
2.153467417010286322e-01
-1.044640036899970870e-01
7.579531749294281529e-01
-8.658760938312717315e-01
-7.225839697641025516e-01
4.741238813729733437e-01
1.100905695460301370e-01
-5.337050454770615460e-01
1.000000000000000000e+00
9.933308625939152314e-01
2.510333257397843187e-01
-7.519056161936383820e-01
-5.463725856236789635e-01
3.690378970653405144e-01
6.279168968700270526e-01
-5.871495274313585089e-01
-3.421307403603470743e-01
-1.138916496134692036e-01
3.819439866748630674e-01
1.376910968354263520e-01
-5.299849223608570359e-01
-5.375093645034967338e-01
7.841825745891823907e-01
9.583162831015901162e-03
3.875749994040704749e-01
-9.483190086644694983e-01
-6.327255414938137701e-01
5.009776436387602949e-02
-6.412952182405666779e-01
-6.023971115465955872e-01
3.091631787196740255e-01
-1.079356515750296008e-01
-9.521375016487658716e-01
-6.980777189760904999e-01
7.987110007091180464e-02
1.036523458852645074e-01
-1.000000000000000000e+00
8.626061563697728918e-01
3.524352558081491615e-01
-9.024985260654787567e-01
-6.885015081088694533e-01
5.816923677694960659e-01
4.400792532062092199e-02
1.000000000000000000e+00
6.763991685896395545e-01
1.018841338420424236e-01
4.002901359460464548e-03
1.006841877174289301e-01
-1.585750564249615024e-01
8.807519014114302269e-01
9.787731834349969740e-01
